# Hybrid DE+CMA-ES Best (winner=CMA-ES)
# Gain=15.10 dBi, S11=-13.51 dB, F/B=11.82 dB
d1_len=0.446681
d2_len=0.428729
d3_len=0.419441
d4_len=0.416908
d5_len=0.410014
d6_len=0.388872
d7_len=0.387245
d8_len=0.417892
d9_len=0.342059
d1_sp=0.127436
d2_sp=0.261084
d3_sp=0.410420
d4_sp=0.352504
d5_sp=0.427207
d6_sp=0.342227
d7_sp=0.220078
d8_sp=0.284165
d9_sp=0.175410
